0.724333	-0.688484
-0.077883	-0.223466
0.904799	-0.549706
-0.549742	-0.480750
-0.207409	-0.707201
0.584713	0.967987
0.173828	-0.470177
-0.483902	-0.870289
0.394648	-0.233199
0.152743	0.661724
-0.689159	0.887112
0.860775	0.611445
-0.811433	-0.561640
-0.375390	-0.111382
-0.476002	0.681209
-0.891290	0.649195
0.282538	-0.820982
0.852145	0.412248
0.246793	-0.820950
0.662774	-0.600464
0.973616	-0.713352
0.834390	0.898093
-0.287943	-0.568346
-0.773174	-0.099375
-0.129985	-0.239335
0.758633	0.813754
0.439842	0.159642
0.089037	-0.504310
0.440481	0.268055
-0.652165	-0.147271
0.046149	0.594628
0.031779	-0.291077
-0.127447	-0.317461
0.708822	-0.483070
0.852103	0.228987
-0.389441	-0.921071
-0.870389	0.480574
0.654846	0.239207
-0.346652	0.704079
-0.320952	0.812990
0.862021	0.768085
0.302502	0.036139
-0.844769	-0.917711
0.187010	-0.208788
-0.940437	0.473751
0.768386	0.990680
0.620489	0.219667
0.315582	0.699417
0.349279	-0.203844
0.004125	-0.964638
0.192359	-0.291796
0.005349	-0.429775
0.314029	0.872727
0.518635	0.970544
0.600923	-0.778313
-0.607865	-0.533007
0.865886	-0.006888
0.042917	0.856567
0.698135	-0.336594
0.076234	0.013716
-0.574487	0.809872
0.429638	0.845234
-0.862158	-0.440355
-0.291933	0.042140
-0.391248	-0.838302
-0.394199	0.823721
-0.446166	0.072795
-0.580280	-0.934093
-0.723713	0.764041
0.352521	-0.222242
0.778034	-0.412370
0.207672	-0.567136
-0.836573	0.345514
-0.007491	0.262969
-0.965351	0.676539
-0.404576	-0.939346
-0.242877	-0.333545
0.310957	0.739250
-0.834900	0.730677
-0.693729	-0.993036
0.110847	0.359485
-0.721753	0.137519
-0.065415	-0.652519
-0.654809	0.367450
-0.489093	0.690706
0.773876	0.744287
0.450415	-0.621338
0.511069	0.621789
-0.822476	-0.311364
0.058111	0.916774
-0.146263	-0.211212
0.160008	-0.204248
-0.729145	-0.844764
-0.450899	0.292755
-0.427330	-0.103418
0.940120	0.407489
-0.699922	0.181365
0.072939	-0.305314
0.451600	0.684718
0.073389	0.431873
0.762025	-0.510016
-0.384238	0.278772
0.775770	-0.925476
-0.953376	-0.770240
0.492307	0.160462
0.401082	-0.100204
0.701161	-0.918839
-0.604153	-0.287060
0.013653	-0.919435
-0.144212	-0.912958
0.512438	0.176161
0.849068	-0.997578
-0.535170	0.281194
0.372386	-0.759400
0.355718	-0.377406
-0.712776	0.585478
-0.117050	0.107993
-0.624743	-0.731545
0.275053	-0.242431
0.356213	-0.680378
-0.530061	-0.930847
-0.449496	-0.075058
-0.937058	-0.898897
-0.934636	0.514411
0.346558	-0.113202
-0.297724	0.509391
-0.737961	-0.712246
0.144988	0.395747
0.520245	0.664202
-0.204702	-0.578229
-0.560851	-0.848488
-0.090913	-0.779335
-0.925332	0.459591
0.494985	0.522532
-0.235630	0.587896
-0.238879	-0.501415
-0.065546	0.647919
-0.526600	0.636730
-0.264562	0.924484
-0.822412	0.880427
-0.465229	-0.804030
-0.026080	-0.652518
-0.852402	0.883007
-0.777734	0.342598
0.713754	0.717252
-0.039536	-0.518378
-0.546974	0.721586
0.387480	0.369505
0.453606	0.024210
-0.810955	-0.051305
-0.295596	-0.930529
-0.731073	-0.125882
0.470143	0.253361
0.408889	0.666114
-0.617192	-0.986405
-0.734185	-0.418258
0.608413	-0.704504
-0.526457	0.255960
0.228304	-0.073431
-0.791489	-0.685951
0.662117	0.338259
-0.126134	0.851161
-0.713046	0.578270
-0.444119	-0.547612
0.809242	0.861277
-0.531193	-0.755915
0.275972	-0.490100
0.652228	-0.694598
0.947724	0.052084
-0.408145	0.203685
0.518424	-0.818769
0.832473	-0.471718
0.170732	0.402148
0.457687	-0.019582
-0.986432	0.432806
0.822809	0.294082
-0.629524	-0.708384
0.440961	0.567588
0.093189	0.872990
-0.833621	0.040913
-0.074926	-0.241765
0.205462	-0.723341
-0.574172	0.694361
-0.045890	0.845376
0.279864	-0.643742
0.847553	-0.262449
0.336676	0.770362
-0.248882	-0.230518
-0.426073	-0.936436
-0.134456	0.601731
-0.104614	-0.566868
0.649798	0.988575
0.816178	0.029488
0.231196	-0.425588
-0.563342	-0.148929
0.699914	-0.868981
-0.345976	0.976395
-0.759933	0.010282
0.823947	-0.022383
-0.653042	0.594310
0.116440	-0.321742
0.180004	-0.867317
0.168207	-0.218264
0.601339	-0.568466
0.907461	-0.752288
0.138657	-0.177876
0.575315	0.673195
0.706334	-0.366603
0.674155	0.682729
-0.315563	0.506677
0.851081	0.031396
0.100986	0.579817
-0.852164	0.779244
0.327840	0.911927
0.050686	-0.890424
-0.060005	-0.347975
0.956639	-0.440514
-0.997230	0.698143
0.322987	0.273458
-0.656882	-0.020208
0.917538	-0.982726
-0.208998	-0.298289
-0.357917	0.733107
0.270184	-0.778100
0.880943	0.049428
-0.895620	0.208783
-0.038645	0.155066
0.901351	0.807091
0.857990	-0.633423
0.860760	-0.935281
0.183747	0.338177
0.526865	-0.682031
0.544139	-0.019510
-0.748082	-0.754150
-0.105998	0.978956
-0.580128	0.115902
0.859899	0.469300
0.068682	-0.569344
-0.624652	-0.612959
-0.817561	-0.753489
-0.450984	-0.105198
-0.386265	0.154039
0.951913	-0.302583
-0.238632	-0.730119
-0.841667	-0.694493
-0.589748	-0.448644
0.304254	-0.469687
-0.180069	-0.579844
-0.609788	-0.710768
0.458894	-0.280113
-0.984214	0.845935
-0.801774	-0.907555
-0.252758	-0.012753
0.360977	-0.858714
-0.472852	0.312890
-0.161297	0.288516
-0.002964	0.594023
-0.166857	0.407288
0.233203	-0.288459
-0.946866	0.131697
0.065904	-0.657634
-0.227865	-0.475203
0.062253	-0.212079
-0.885854	-0.013853
-0.536823	0.356036
0.733389	0.450424
0.094366	0.591710
0.175830	-0.592744
-0.569587	-0.535653
0.427449	-0.941630
-0.165263	-0.796251
-0.943627	0.546279
-0.890494	-0.322024
0.945344	-0.548128
-0.529858	0.514125
-0.159127	0.628271
0.224179	0.304050
-0.042432	-0.245526
-0.948066	-0.653816
-0.540810	-0.223403
0.273167	-0.550783
-0.795954	0.331536
0.272387	0.038783
0.328759	-0.414938
-0.585274	0.438266
-0.639930	0.890138
-0.169788	0.404262
0.671085	0.032533
-0.824639	-0.024864
-0.983159	0.132929
0.729610	0.649830
-0.924206	-0.541350
-0.147609	0.731817
-0.906730	0.056437
0.063353	0.365657
-0.401362	-0.305584
-0.319717	0.013363
0.943321	0.373434
-0.977180	-0.343530
-0.796355	0.427082
0.874731	-0.540385
-0.150134	-0.523544
-0.084059	-0.420524
-0.899197	-0.344730
-0.415064	0.744856
-0.683248	0.838126
0.380105	0.203783
0.978742	0.898199
-0.007894	-0.969119
0.282923	-0.634461
-0.946300	0.939393
0.480782	0.547044
0.940397	0.330055
0.293782	-0.583148
-0.754004	0.873258
-0.653201	-0.471472
-0.908344	-0.963811
-0.175070	0.133565
-0.196327	0.031763
0.795778	0.062644
0.882132	-0.838682
0.821525	-0.269498
-0.402874	0.368568
-0.531801	-0.045625
-0.055380	-0.658543
0.497513	0.291419
-0.130015	-0.374414
-0.093827	-0.929588
0.312857	0.506461
-0.104658	-0.553578
-0.233933	0.699015
0.478185	0.365276
0.494793	-0.459171
0.656111	0.657173
-0.613386	-0.745701
0.561031	-0.208179
0.136125	-0.970769
0.746196	-0.919256
0.243709	0.372164
0.869295	-0.244761
-0.853154	0.939707
0.653306	-0.164951
-0.485482	-0.580627
0.992703	0.784649
-0.466468	0.032057
-0.809295	-0.899010
-0.554997	-0.461509
0.236825	0.674615
0.661844	-0.016979
0.755360	-0.967468
0.127523	0.273205
0.882762	0.420050
0.950859	0.073356
-0.129218	-0.534624
0.277379	0.433704
-0.008389	-0.690564
0.118673	0.182316
0.190255	0.627319
-0.051084	-0.177131
-0.376469	-0.515286
0.847165	-0.621109
-0.926105	0.506414
-0.830079	0.389177
0.210501	-0.794347
0.340035	-0.716143
0.076435	0.805412
0.776586	-0.518718
0.053965	0.914986
0.255103	0.363401
-0.562582	0.773827
-0.935262	-0.277257
0.046783	-0.071118
0.531497	-0.223953
0.725165	-0.951257
0.231580	0.839193
0.019863	-0.379243
0.225516	0.960792
0.333551	-0.698049
0.766204	0.110138
-0.216767	-0.970305
-0.835897	-0.301781
0.284798	0.527504
0.731878	0.722216
0.955792	0.786954
0.002575	-0.284164
-0.465928	0.491883
-0.417185	-0.658174
-0.577991	0.361688
-0.091358	-0.194746
-0.325154	0.915392
0.672389	-0.295459
-0.920506	-0.629393
0.606998	-0.897515
-0.091671	-0.941723
0.498510	-0.067597
0.060853	-0.785654
-0.697249	0.594925
-0.951945	0.725358
0.409744	-0.326792
-0.928548	0.996948
-0.123294	-0.113896
-0.128408	-0.070900
-0.521410	0.031585
-0.337868	0.386920
0.089862	-0.839358
-0.680677	-0.849285
-0.377926	0.745640
-0.918783	-0.979661
-0.870728	0.745697
0.539016	-0.581095
0.535964	-0.999244
-0.577933	-0.742548
-0.019440	0.218690
0.909660	-0.830734
-0.058755	-0.168601
-0.968893	-0.007959
0.319811	-0.818178
0.367028	0.941885
0.927462	0.448246
0.850843	0.577518
-0.626027	0.116533
-0.873174	-0.031445
-0.347503	-0.872419
-0.560157	0.074564
-0.614967	-0.296771
-0.944876	0.603723
0.964783	0.772989
-0.093972	-0.395612
-0.062865	0.596428
0.772075	0.118957
-0.036543	0.713960
0.046419	-0.588297
0.676183	-0.102738
0.989220	0.384104
0.271235	0.105754
-0.760210	0.758251
-0.320367	-0.167185
0.382863	-0.112061
0.221070	-0.147277
-0.327154	0.758751
-0.995357	0.125110
-0.304114	0.601072
-0.102815	0.814843
-0.435471	-0.388855
-0.138738	-0.023769
0.758524	-0.034549
0.671432	0.029760
-0.928795	0.182361
0.269550	0.829456
-0.179129	0.949183
-0.337729	-0.155585
0.550211	-0.528319
-0.597067	0.871937
-0.838316	0.876580
-0.327587	-0.957820
0.859402	0.533675
-0.853269	0.292199
0.983863	0.818163
-0.944932	0.000524
0.591508	0.884524
0.540691	-0.453204
-0.127263	-0.902994
0.137492	0.425852
0.009428	-0.348187
-0.113991	0.002885
-0.636340	-0.748857
-0.594159	-0.889455
0.424252	-0.742724
0.463183	0.075962
0.347708	-0.102643
0.894503	0.563167
0.991510	-0.299341
-0.229774	-0.508551
0.710087	0.422039
-0.403904	-0.575076
-0.040244	-0.323933
0.365597	-0.213388
-0.210151	0.043888
-0.802037	0.119326
-0.053928	0.661147
-0.804712	0.877018
0.092645	-0.651345
-0.096643	-0.344187
-0.105133	0.356472
0.386317	0.066559
-0.460610	0.662655
0.211656	-0.377589
-0.924471	0.988008
-0.335317	-0.222144
-0.728684	-0.024180
0.936112	0.217388
-0.363034	-0.868600
0.094406	0.645820
0.224045	0.443061
0.879858	0.136090
0.444045	0.236330
0.599346	-0.169639
-0.697111	0.484640
0.965544	0.794859
-0.412046	-0.218855
0.353818	0.370829
0.592935	-0.670362
-0.189678	-0.033396
0.904728	-0.387576
-0.337614	0.347789
-0.457756	-0.516121
0.778574	-0.916775
-0.918538	0.567865
-0.952994	0.362725
0.387166	-0.365040
-0.856130	-0.955898
-0.302087	0.365721
-0.931258	-0.041344
-0.105622	0.375682
0.860982	-0.185977
0.673706	-0.526594
0.021495	0.635008
-0.981347	0.505375
0.797226	0.588600
0.878689	0.156465
-0.517578	0.925695
0.869589	-0.439345
0.913691	0.771577
0.279413	-0.663682
0.429714	-0.761931
-0.194604	-0.992953
0.091678	0.619419
0.680753	0.565084
-0.297752	0.200093
-0.792377	0.440748
0.796222	0.117411
-0.209604	-0.047313
-0.283910	0.471877
0.469422	0.276745
-0.865064	0.383114
0.384640	-0.074378
-0.384664	0.731018
-0.092358	0.707013
0.350437	-0.411605
0.272098	-0.553735
0.290643	-0.527810
0.560745	0.498266
-0.527548	0.294488
0.030349	0.262847
-0.369817	0.978938
0.719052	-0.900395
0.853988	0.482719
0.349896	-0.854755
0.688646	-0.724482
-0.696019	-0.993464
-0.989005	0.356973
-0.458124	0.283093
0.803237	0.832519
0.363982	0.330785
0.836434	-0.374727
-0.301430	0.099282
0.328753	0.078219
0.428358	-0.666098
-0.088923	-0.362092
0.056322	-0.673446
-0.929097	-0.897838
-0.922562	-0.944357
0.237648	-0.569962
0.760823	0.348126
-0.561935	-0.613904
0.537346	0.258545
0.375449	-0.384434
0.850045	-0.196193
-0.050532	-0.704466
0.714884	0.587376
-0.228795	0.913929
-0.838179	-0.126633
-0.455536	-0.760740
0.185994	0.673671
0.526529	0.110617
-0.088681	0.956568
-0.209478	0.512950
0.717391	-0.861352
-0.896513	-0.814655
0.362031	0.560793
-0.896074	0.212076
-0.635400	0.053394
0.507610	-0.920516
0.598529	-0.149311
-0.445301	0.760351
0.099163	0.999610
-0.346933	-0.714843
0.673281	-0.820404
-0.415401	-0.863837
-0.902451	0.853554
-0.951437	0.957040
0.536924	0.319072
-0.928917	0.640850
-0.564317	-0.305755
-0.961242	-0.484833
0.637288	0.365856
0.089913	-0.011123
0.742979	0.274034
0.070529	0.922575
-0.330192	0.655128
-0.941262	-0.143895
0.752678	0.912292
0.801241	0.869333
0.338165	0.188404
-0.020985	0.719553
-0.801895	0.673260
-0.286728	0.008274
-0.920871	-0.102012
-0.206763	0.169041
-0.809515	-0.087980
0.160898	0.261014
0.830707	-0.083857
-0.106666	-0.313188
-0.194374	0.867862
-0.529939	-0.325041
0.559201	0.808226
0.321623	-0.212758
0.519729	-0.539499
-0.766999	0.468776
-0.687870	-0.633237
0.481171	-0.746373
-0.606809	0.414526
0.227787	0.245232
-0.878879	0.932044
-0.073253	0.799905
0.036586	0.601707
0.359106	-0.155188
-0.319271	0.632054
0.047987	-0.799542
-0.907445	-0.610786
0.561331	0.126040
-0.254411	0.928094
-0.343898	-0.773241
-0.818279	-0.623350
0.596247	0.358212
0.847737	-0.158521
0.255917	0.968858
-0.226477	0.822442
-0.104395	-0.426572
-0.502688	0.932534
0.962382	-0.386737
0.335894	0.010369
0.428449	0.399582
0.247180	-0.010221
0.992769	-0.082127
0.181724	-0.780471
0.099595	0.558375
-0.160521	-0.304159
-0.312783	0.537320
-0.827496	-0.343925
-0.689157	0.994947
-0.115729	-0.146025
-0.183196	-0.442185
0.430068	0.893709
-0.756211	0.322158
-0.578674	0.490969
-0.871328	0.703267
0.687047	-0.457253
-0.396366	0.229964
-0.223862	0.886039
-0.126590	-0.228915
0.757680	0.625060
-0.425515	-0.817125
-0.995448	-0.923416
-0.751659	0.398742
-0.058844	0.739311
0.710679	0.888103
-0.059511	-0.983225
-0.073683	0.269894
0.469064	-0.704859
-0.300973	-0.142292
-0.414934	0.731117
-0.977214	0.488797
0.509498	-0.936718
0.007585	-0.932166
0.739197	0.527415
0.137939	-0.531430
-0.944514	-0.151382
-0.643327	0.278535
0.789107	-0.626552
0.059001	-0.922730
0.673915	0.354142
-0.615275	-0.627057
0.468319	-0.041991
0.322998	-0.019205
-0.197264	-0.509707
0.495046	-0.534651
0.562880	-0.795454
0.879055	0.342485
0.493863	0.934541
0.850537	0.213076
0.980210	-0.776015
0.039211	-0.698745
0.091843	-0.606646
-0.314020	0.464786
-0.394796	-0.845701
-0.577205	-0.451829
0.893883	0.474981
0.391761	0.037860
-0.582946	-0.083085
-0.707586	0.910917
-0.516483	0.761454
-0.536274	0.985439
0.502938	-0.713306
0.896291	-0.027325
-0.960913	-0.498505
-0.538119	0.049665
-0.395729	0.865471
0.029600	-0.115696
-0.495419	0.629686
0.542441	-0.420385
-0.540644	-0.127971
0.479087	0.310812
0.355546	0.240542
0.819272	0.225981
-0.142199	0.322210
0.432102	0.218501
0.471189	0.719996
0.933070	-0.230339
-0.783405	0.798542
0.100899	0.557896
-0.696158	-0.269414
-0.290988	0.846283
0.310201	-0.722818
-0.694361	-0.817770
0.616451	0.537776
-0.008206	0.357048
0.849595	-0.320742
0.735467	0.281697
0.897760	-0.779183
0.617756	0.833140
-0.612583	-0.950265
-0.813322	0.150634
-0.957607	-0.509479
-0.248595	-0.663196
0.191421	0.028587
0.373651	-0.215143
-0.088573	0.781668
0.250687	-0.731525
-0.995540	0.100282
-0.052267	0.739927
-0.618021	-0.154507
0.960743	0.134864
-0.536752	0.793883
-0.149335	0.843619
-0.694683	0.037344
-0.005747	-0.652289
0.527864	-0.124527
0.099116	0.864668
-0.933106	-0.872297
0.440544	-0.087440
-0.648029	-0.305772
-0.983309	-0.379554
-0.301312	0.116973
-0.561386	0.498952
-0.600643	-0.366184
-0.123080	-0.806759
-0.545364	0.727585
-0.240047	-0.235071
0.107664	-0.707207
0.906585	-0.793220
0.973479	-0.665517
0.414024	0.247043
0.765995	0.941271
-0.613559	-0.360041
-0.435760	0.954620
-0.936808	-0.631708
-0.302992	0.245212
0.151644	-0.027202
0.911598	0.737727
0.019262	-0.969480
-0.354272	0.226042
-0.380793	0.560525
-0.147448	-0.966770
-0.192432	-0.716872
0.799225	-0.251161
0.730395	-0.814334
-0.705365	-0.859714
-0.642173	-0.491422
0.054836	0.753791
0.616471	-0.793520
0.324501	-0.881922
-0.535685	-0.936357
-0.505165	-0.290629
-0.636619	-0.317184
0.328578	0.923906
0.535368	0.361808
-0.268526	0.818496
0.161033	0.480312
0.548890	0.346699
-0.130890	0.843526
0.486985	0.336480
-0.798647	0.995564
0.256189	0.749354
-0.777249	0.580746
-0.713606	-0.281914
0.435093	-0.004235
-0.882091	-0.675657
0.653277	0.686151
0.020663	-0.806117
-0.913732	-0.135811
0.680868	0.422748
0.676431	-0.295472
-0.678269	0.425786
0.784399	0.901729
0.365146	-0.158013
-0.916769	-0.722920
0.164698	-0.605010
0.432032	-0.829930
0.118182	0.906916
0.520040	0.965366
-0.459297	-0.840752
-0.529566	0.516548
-0.207835	-0.057667
-0.423436	-0.155938
0.941710	0.686049
-0.975059	0.963129
0.189639	-0.641881
0.417570	0.359709
-0.593614	-0.464248
0.926426	-0.498883
-0.532871	-0.339634
0.601040	0.872021
-0.765870	-0.657545
0.571747	0.134620
0.803425	0.278069
0.652894	0.489474
0.677835	0.452603
-0.132526	0.810722
0.559026	-0.772817
-0.905222	0.493808
0.256261	0.485547
-0.517317	0.756743
-0.174862	0.773772
0.291425	0.959758
-0.266865	0.803568
0.670943	-0.463440
0.323837	-0.973966
0.237554	0.001672
0.379010	0.869147
0.289359	-0.061963
0.506468	0.032815
0.590138	0.650001
0.474645	-0.739337
-0.039807	-0.256653
-0.320130	0.568485
-0.584514	0.971294
0.148622	0.774862
0.199185	0.685182
-0.905948	0.524694
0.473063	0.393841
-0.520788	-0.588901
0.985680	0.443914
0.635681	0.072624
-0.445046	0.896344
0.515147	-0.360309
-0.400691	-0.804983
0.014796	-0.833689
0.736419	-0.836583
-0.064396	0.848599
-0.202329	0.458626
0.559814	-0.108276
-0.016679	-0.250333
-0.622838	0.228880
-0.224114	0.867333
0.214560	-0.780200
-0.052358	-0.149759
0.502596	-0.253415
0.250018	0.017743
0.849327	0.212760
0.594452	-0.135877
0.379071	0.330870
0.027540	0.320244
-0.123861	-0.882084
0.725101	-0.564046
-0.291579	0.185621
0.085583	-0.585499
-0.849688	-0.047084
0.629060	-0.629889
-0.520699	0.662535
0.225886	-0.087447
-0.387838	-0.238119
-0.793386	0.626004
0.537484	-0.346456
-0.667027	0.803958
-0.549111	0.529059
0.460528	-0.762520
-0.165046	0.323063
-0.014734	-0.724021
0.194819	0.355377
0.674120	0.017912
0.579691	-0.099994
0.930466	-0.999412
-0.307654	0.634245
0.718782	-0.681650
0.256266	-0.028106
0.060224	-0.498422
-0.108637	-0.173236
0.726317	-0.850173
-0.288417	-0.574193
-0.620949	-0.933040
-0.946829	0.084872
-0.817966	-0.046824
0.015338	-0.817378
-0.534655	0.707685
-0.815874	-0.973965
0.440392	-0.002071
-0.499383	0.499507
0.089900	0.966722
0.765985	0.916664
0.492302	-0.933509
-0.796115	-0.507703
-0.729155	0.094641
0.201647	0.355717
-0.845176	-0.628945
-0.379832	-0.921260
0.276165	-0.195705
0.740007	-0.755313
0.183794	-0.254696
-0.941584	0.835204
0.824401	0.751867
0.316703	0.818358
-0.076447	0.520588
-0.689345	-0.927971
0.405296	0.273677
-0.318028	0.428500
0.518205	-0.858730
0.596945	0.417435
0.701719	0.157442
0.097650	-0.195577
0.842954	0.406633
0.678157	0.975566
0.430024	-0.870308
0.248382	0.053245
0.559038	0.125275
-0.147223	-0.035666
0.999927	0.646306
0.518132	0.787575
0.115076	0.205011
-0.183205	-0.637547
0.826732	0.621218
0.669686	0.027851
0.103341	0.347843
0.327395	-0.222133
-0.131848	-0.973750
-0.813646	0.929496
0.311629	-0.217727
0.710580	-0.217800
-0.804073	0.538032
0.983503	0.414151
0.188513	-0.856766
-0.767797	0.550966
0.853421	-0.745346
-0.118728	0.357995
0.884688	-0.314610
0.765363	0.017797
0.553541	0.791612
0.483038	0.376900
-0.484219	-0.734689
-0.773639	0.047511
-0.877551	0.764393
-0.894049	0.178544
-0.236749	0.294465
-0.004546	-0.154569
-0.151125	0.100085
0.730146	-0.541920
0.614834	0.143470
0.684254	-0.367368
-0.302988	0.475867
0.836784	-0.819951
-0.647436	-0.554640
-0.656681	-0.159285
0.007688	0.521863
0.603966	-0.697847
-0.400581	0.147583
0.448294	-0.752332
0.178440	-0.294252
-0.206725	0.849218
-0.330073	0.425906
-0.453770	-0.854206
-0.273721	-0.001439
0.171640	0.777849
-0.805820	-0.335488
-0.320415	-0.462501
0.505226	0.687273
0.109192	0.989426
-0.096998	0.708611
0.137009	0.038387
0.384678	-0.894831
-0.664654	-0.909574
0.128620	0.939644
0.760769	-0.445473
0.906563	0.817216
-0.094876	0.432471
-0.317027	0.626651
0.048305	0.362558
-0.446468	0.049832
0.662724	0.039257
0.126513	0.371335
-0.835100	-0.471760
-0.729931	-0.136414
0.651370	0.360911
0.992206	0.591015
-0.453267	-0.923111
-0.636051	0.289043
0.933368	0.796420
-0.383659	0.423071
-0.278858	0.978899
0.587220	0.274673
0.028731	0.810731
-0.062603	-0.932012
-0.062756	-0.691268
-0.755745	0.102144
-0.163028	0.805199
0.372213	0.700558
0.456569	-0.266875
0.692764	0.047584
0.854805	-0.760503
-0.116951	-0.396554
-0.183583	-0.600134
-0.913647	0.432758
-0.192506	0.411658
-0.917832	-0.559611
0.328297	-0.247368
-0.834731	-0.442169
0.865827	-0.985600
0.558592	0.061984
0.220418	0.798089
-0.813543	-0.896533
-0.400028	-0.080115
-0.313675	-0.647357
-0.375662	0.493819
0.764301	-0.965505
-0.795310	0.255383
-0.404448	-0.286933
0.923849	0.465698
-0.910882	-0.976471
0.954945	-0.962071
0.513536	0.099913
0.892308	0.311625
0.286370	0.995776
0.713161	0.886342
-0.485438	-0.427333
0.138901	-0.933514
0.032604	0.173396
0.237294	-0.571222
-0.761975	0.950361
-0.838126	0.416059
-0.749009	0.439588
-0.794064	0.477517
0.719473	-0.422570
0.031098	0.863800
-0.617668	-0.255742
0.750142	0.297992
0.258821	-0.677192
-0.433704	-0.602279
0.598900	0.571117
-0.163806	0.999895
-0.730207	-0.213445
0.842187	-0.568334
-0.641733	-0.317342
0.642201	-0.819376
0.119719	-0.325128
0.697149	0.061428
0.639165	0.560949
-0.616577	0.311091
-0.258248	0.642244
0.633899	0.308047
-0.960036	-0.976807
0.611081	-0.945039
0.610976	-0.675247
0.453163	-0.243580
-0.267691	0.811430
0.439077	-0.625489
-0.672329	0.494229
-0.064262	0.191378
-0.425098	-0.247673
-0.041675	-0.936582
0.697317	0.221913
-0.359467	0.720510
-0.871140	-0.748385
0.872001	0.862591
-0.598303	0.315753
-0.143356	0.134006
-0.704279	0.508517
-0.376607	0.002746
0.559130	-0.805876
-0.865967	-0.053548
-0.313369	0.092358
-0.399504	0.692927
-0.292813	0.822409
-0.666539	-0.572303
-0.414925	-0.796832
-0.552334	-0.696607
0.763419	0.160037
0.358973	-0.109398
-0.132511	-0.990161
-0.920849	0.870235
0.638282	-0.935641
0.772314	0.010811
0.997150	-0.135327
-0.272132	-0.579945
-0.108940	0.155565
0.476135	0.358734
-0.805406	0.923801
-0.580440	0.687220
0.778533	-0.422178
-0.353978	-0.412339
-0.642927	-0.483743
0.995355	-0.419383
0.767669	0.591428
-0.367658	0.612109
-0.711020	0.189942
-0.660023	-0.290965
-0.918998	0.495543
0.557137	-0.145724
0.274953	0.480938
-0.483597	0.694513
0.338567	0.473046
0.745980	0.616489
-0.666359	0.973563
-0.282696	0.968917
0.215942	-0.588513
0.736587	-0.192630
-0.897180	-0.631071
-0.608201	0.558870
0.100834	0.639872
-0.745001	-0.818807
0.109275	0.456146
0.625678	0.150659
0.846105	-0.035755
-0.376295	0.592085
-0.419266	-0.257227
-0.445703	0.378099
-0.356970	-0.476785
-0.405959	0.054516
0.401411	0.157336
0.820890	0.549135
-0.419654	-0.350030
0.827472	-0.164656
-0.168837	0.024481
-0.712691	0.702428
0.437968	0.548533
-0.938327	0.140618
0.115277	-0.195553
0.669574	-0.817455
-0.807212	-0.223414
-0.236109	-0.547410
-0.822003	0.921227
0.998887	0.470362
-0.420768	-0.879668
0.414577	-0.048505
0.359196	0.238804
-0.070507	-0.323228
0.464036	-0.261555
-0.487549	-0.420687
0.578795	-0.751114
0.288170	-0.558325
-0.497977	-0.947940
-0.319980	0.973287
0.975584	-0.321093
0.443649	0.244503
0.258139	0.563980
-0.659106	-0.327284
-0.484525	-0.538234
0.754278	-0.714935
-0.568950	0.656898
0.169495	-0.830651
0.004753	-0.287613
0.253639	-0.562176
0.036314	0.695314
-0.060153	0.088374
0.619867	0.061661
-0.434838	-0.701226
0.809665	0.556913
-0.849441	-0.770372
-0.387675	-0.738460
-0.660956	-0.102610
0.222944	-0.229906
0.648384	0.939589
-0.346863	-0.348024
0.906776	0.089800
0.508095	0.602090
-0.403530	-0.808332
0.658131	-0.243170
0.948288	-0.836559
0.505201	-0.767268
0.734829	-0.182503
0.329380	0.996369
0.156541	-0.773230
0.219313	0.926636
-0.218942	-0.132302
0.504695	0.520835
0.976477	0.427611
0.484572	0.029701
-0.918958	0.221369
0.287161	0.739173
0.978199	0.235449
0.902614	-0.455305
-0.864654	0.261750
-0.524521	-0.047157
-0.408870	-0.528153
-0.182100	0.691160
-0.963980	0.598958
0.902245	0.103654
-0.920307	-0.579554
0.507304	-0.971554
-0.462995	0.666093
0.758374	-0.046746
-0.615084	0.736573
-0.712470	-0.718733
-0.577124	0.543017
0.375719	-0.865853
0.876679	0.485104
0.567839	0.521124
-0.873303	0.423369
-0.793610	0.843815
0.713694	0.872261
-0.749302	0.538354
-0.990928	-0.508391
0.745644	-0.319688
-0.382320	-0.973088
0.609665	0.040557
0.569929	0.014497
-0.583724	0.704075
0.901380	-0.343878
-0.540985	0.422504
-0.414288	-0.154126
-0.207898	-0.310312
-0.494204	-0.438051
-0.243506	-0.899697
-0.158702	-0.234434
0.171448	-0.488790
0.272224	0.789128
-0.461878	-0.118111
-0.891949	0.896386
0.812127	-0.212438
0.147341	-0.531751
0.246577	-0.430155
0.832289	0.415719
-0.375608	-0.894593
-0.866267	0.130188
-0.332643	0.029796
-0.232340	0.871094
-0.347752	0.359572
0.042542	0.163458
-0.168330	0.701581
0.513685	0.661355
0.410071	-0.092684
-0.802367	-0.945343
0.444209	-0.375498
0.765383	0.276499
-0.959779	-0.697457
-0.854372	-0.563724
-0.187015	0.466072
-0.082240	0.580645
0.337166	0.570008
-0.059783	-0.620292
-0.266534	0.572013
0.211378	-0.564953
0.085698	-0.127267
-0.504231	0.780048
-0.306598	0.834705
0.956445	-0.862389
0.721828	0.414110
-0.975630	0.315000
-0.354944	-0.539354
-0.653922	0.458040
0.263838	0.038685
-0.166154	0.978902
0.643592	0.567312
-0.145030	-0.997641
-0.363387	0.727702
-0.752963	0.132382
0.507751	-0.886525
0.342455	-0.930080
0.963394	0.801662
0.377504	-0.698911
0.816117	-0.307496
-0.053855	-0.723237
0.038582	-0.595815
-0.796519	-0.697580
0.467365	0.136266
0.110957	-0.296422
0.965926	-0.294064
0.609301	0.693629
-0.258318	0.201379
-0.469141	-0.654504
0.908363	-0.353414
-0.255767	-0.399133
0.020996	0.639449
0.996916	0.224477
0.941869	0.439787
0.078135	-0.138440
0.781713	0.834247
-0.512350	0.443548
0.440623	-0.814770
-0.492928	-0.247304
0.207567	0.643440
0.283555	0.553063
-0.428445	0.191918
0.315788	0.792785
0.792379	-0.663216
0.789295	0.561260
0.229082	-0.746898
-0.547762	-0.909359
-0.766048	0.924889
-0.278399	0.368437
-0.837776	0.553667
-0.330704	-0.693637
0.158277	-0.687265
0.589918	-0.288660
-0.115710	-0.218165
-0.799922	-0.425380
-0.463138	-0.993146
-0.901878	0.380957
0.721746	-0.648776
0.812387	-0.592875
0.737276	-0.768251
0.105713	0.518727
-0.049028	-0.340620
0.620268	-0.034257
-0.372286	0.933004
-0.444340	0.339055
-0.182706	0.337496
0.017372	0.912116
-0.046587	0.554234
0.918970	0.446077
0.299928	0.167823
0.133124	-0.019790
0.200271	-0.282514
0.989019	0.823199
-0.060008	-0.517421
0.630619	-0.439740
-0.741666	-0.506736
0.597389	0.310558
0.341478	0.847433
-0.672070	0.253594
-0.199154	0.882164
0.172565	-0.753077
0.534521	-0.527508
0.538102	0.605616
0.948808	-0.194113
0.112442	-0.408737
-0.064359	-0.247555
0.418220	-0.616935
-0.133458	-0.358602
-0.129476	-0.761213
-0.901020	-0.787999
-0.573090	0.465595
-0.690925	-0.361840
0.133989	0.843596
0.110652	-0.451265
-0.283731	-0.056309
0.522156	-0.943867
-0.682938	-0.008226
-0.325785	-0.948039
-0.590006	0.057280
-0.652881	0.276536
0.698678	0.135542
-0.852941	0.937465
-0.640939	-0.976316
0.824656	-0.089250
0.970507	-0.537184
0.814103	0.573468
0.195802	-0.710263
0.537164	-0.473692
0.593297	-0.551922
-0.414928	0.122293
-0.004934	-0.820428
-0.471965	-0.728398
0.663577	-0.581339
-0.101902	-0.222278
-0.440469	-0.397622
-0.249851	-0.469962
0.065194	-0.205112
-0.361337	0.388361
0.539942	-0.071600
-0.074475	-0.933750
-0.259708	-0.481178
-0.485672	-0.130753
0.103894	0.636621
0.050163	-0.901040
0.816193	0.578198
0.694443	0.241775
-0.210776	0.510158
-0.860127	0.566946
-0.300596	-0.830675
-0.900293	0.229441
0.234519	-0.105405
0.873182	-0.717044
-0.198418	0.208481
0.541874	0.727303
-0.588879	-0.168803
0.330724	0.461285
-0.069842	0.146917
0.300720	-0.158640
-0.910056	-0.648481
0.656890	0.701076
0.826214	0.800783
0.060733	-0.304623
-0.066085	-0.021667
0.735496	-0.813186
0.277370	0.914117
0.910961	0.688492
0.241685	0.149776
-0.611397	-0.810741
0.229963	-0.529484
0.066135	0.581482
-0.108353	-0.276975
-0.987818	-0.450761
-0.637842	0.609973
-0.714284	-0.456112
0.322799	-0.720616
-0.056135	0.539657
0.556754	-0.142018
0.450618	0.245246
0.603296	-0.307696
-0.604978	0.278767
0.080906	-0.415719
-0.689131	0.054797
0.321095	0.892351
0.946445	-0.955880
0.958626	-0.406641
-0.679216	-0.796668
-0.393500	-0.252780
0.929299	0.026604
0.737883	0.468956
-0.404135	-0.080426
-0.800839	0.611878
0.477928	-0.307216
-0.192093	0.732887
0.003653	0.862705
0.053982	-0.103996
0.098102	-0.929087
0.767776	0.691461
-0.911440	0.894793
-0.304940	-0.357987
-0.375641	0.668617
-0.101967	-0.906685
-0.748025	0.493898
-0.919421	0.693059
-0.695794	0.170987
0.317550	0.112113
-0.678796	-0.025182
0.957856	0.217208
-0.216033	0.055958
-0.448257	-0.252581
0.617285	-0.359697
-0.357787	0.983416
0.335363	0.284226
0.959722	-0.047157
-0.958402	-0.946964
0.535496	0.065925
0.285397	0.228555
0.589603	-0.600459
-0.298284	0.303416
0.676534	0.261272
-0.453346	-0.539498
0.834776	0.012245
0.064649	0.452060
0.706861	0.435476
-0.008913	-0.420959
0.943930	-0.379361
0.000669	0.148747
-0.933406	-0.565856
0.757285	-0.976253
-0.234473	-0.274537
-0.905027	-0.598003
-0.358374	-0.137501
-0.523598	0.874744
0.928463	0.527292
0.363938	-0.484798
-0.571255	0.942980
-0.627325	-0.436381
0.521422	-0.280245
-0.469903	0.955566
-0.712618	0.979313
0.052909	-0.295223
0.147881	0.106774
0.789508	0.969273
-0.734090	0.844017
-0.805628	0.371308
0.159848	0.558311
0.886510	0.588593
0.349345	0.961268
-0.935091	0.812848
-0.215336	-0.657055
0.438257	-0.110891
0.417570	-0.222214
-0.877653	0.754110
0.229121	0.079354
0.198393	0.070745
0.042410	-0.207065
-0.586282	0.952783
-0.699772	0.541376
0.649573	0.502644
0.462421	-0.014666
0.805366	-0.576409
-0.564307	0.841161
-0.881072	0.963508
-0.049955	0.192628
0.570669	-0.608978
-0.542797	0.433432
0.538109	0.847150
-0.822674	-0.852622
-0.682167	0.796952
-0.476751	0.259373
0.336254	0.513329
0.064739	0.759845
0.392518	0.500432
0.601006	-0.950508
0.564514	-0.539424
-0.242858	0.951014
-0.859927	0.148164
0.866316	-0.864614
0.173216	-0.687288
-0.423876	-0.978507
-0.626924	-0.627587
0.632448	0.708667
-0.302813	0.468512
-0.940359	-0.802381
-0.890867	0.816979
-0.430290	-0.613617
-0.479276	-0.473543
0.032922	0.123733
-0.100763	0.259119
-0.927546	0.571830
-0.906053	-0.797625
-0.533641	0.356169
-0.868674	-0.824974
-0.171486	0.643538
-0.917067	0.026133
-0.286944	-0.807934
-0.156888	0.347088
0.229495	-0.261739
0.755952	0.277598
-0.684578	-0.120315
-0.601469	0.214659
-0.861196	0.948210
0.710634	-0.925988
0.913010	-0.427110
0.269179	-0.295783
0.292471	0.532731
0.665984	0.375404
-0.441137	-0.620960
0.401975	0.726128
-0.368530	-0.535610
0.611747	-0.612578
0.927168	0.267107
-0.859481	0.141828
0.116545	-0.837259
0.810000	0.029555
-0.264368	0.657419
-0.701267	0.439848
0.591204	-0.027421
0.345849	-0.033392
0.724889	-0.465921
0.451017	-0.136675
0.915407	-0.524928
0.657395	-0.597760
0.797914	0.544068
0.886643	0.973009
-0.950616	0.783009
-0.775136	0.120293
-0.338636	0.197443
0.627972	-0.271115
-0.808970	-0.837949
0.642047	0.025376
0.227189	0.557454
0.500448	0.179497
0.214849	0.902688
-0.601087	0.012762
0.446756	0.024240
0.419765	-0.233889
0.202773	0.537538
0.733804	-0.356799
-0.392302	0.958668
0.763494	0.269062
0.156111	-0.770365
-0.102965	0.884995
-0.579335	0.059086
0.547297	-0.937288
-0.225515	0.620166
0.584910	0.953983
0.487598	-0.647105
-0.065646	0.377135
-0.645881	-0.856754
0.556892	0.680784
-0.799907	-0.711517
0.963587	0.557545
-0.806778	-0.545420
-0.386113	0.513666
0.976847	-0.323401
0.598127	-0.248668
-0.703235	0.183037
-0.294685	0.131780
0.058210	-0.020442
-0.564655	0.726740
-0.740624	-0.147512
0.716093	-0.452141
0.679680	-0.894596
0.872901	-0.440016
-0.513212	-0.926350
0.163387	0.671777
0.943217	0.460153
-0.351469	-0.408067
0.525450	0.706742
0.130439	-0.857913
0.298231	0.089547
-0.279057	-0.394453
0.573431	-0.678361
0.814363	-0.998681
0.814888	-0.638991
0.006772	0.524396
0.938729	-0.050011
-0.015451	-0.206456
0.576481	-0.681007
0.147972	0.449432
-0.553798	-0.461021
0.167145	0.144525
-0.259424	0.466164
-0.324002	-0.445061
0.467484	-0.690684
0.341704	-0.497382
-0.030322	0.702713
-0.230429	0.976450
0.227109	-0.291700
-0.788342	0.501843
0.788139	0.820836
-0.063890	0.270268
0.382313	0.809247
0.269679	0.844972
0.887420	0.578995
0.229124	-0.918386
0.969439	-0.068163
-0.148816	0.945888
-0.841054	0.559484
-0.629396	0.061327
0.397287	-0.841257
-0.117836	0.227508
-0.847568	-0.494922
0.961679	0.950677
-0.084549	-0.455641
0.335387	0.814038
-0.838373	0.222808
0.393034	0.161388
0.474647	0.130827
-0.674168	0.076715
0.542716	0.885316
0.913320	-0.053357
0.346329	-0.927938
0.828807	-0.426163
0.981239	0.078915
0.644081	0.942918
-0.329296	-0.141631
-0.012641	-0.806244
0.387989	0.148986
-0.218977	-0.689625
0.868496	-0.744330
0.252265	-0.418498
-0.205019	-0.533183
-0.533041	-0.291700
0.413460	0.813289
0.242267	-0.612874
0.947278	0.223506
0.466041	0.591359
-0.504367	-0.737938
-0.930416	0.249421
-0.781452	0.457574
0.635112	-0.761404
0.503608	-0.505734
-0.244127	0.075768
0.550854	0.542585
-0.740846	-0.043955
-0.051851	0.039517
0.335274	-0.013205
-0.198685	-0.421846
0.296949	-0.159784
0.366533	-0.910363
-0.168419	-0.175894
-0.533306	0.062703
0.196828	0.970302
0.556969	0.346811
-0.273825	-0.367263
-0.722971	-0.824678
-0.463817	0.131367
0.575700	0.329679
-0.765690	0.140649
0.339737	0.531259
0.980865	0.952770
-0.929498	-0.215648
0.721898	-0.441452
-0.215399	0.755375
0.221347	-0.658430
0.102187	0.947522
-0.025694	0.116899
0.149628	-0.733529
-0.239266	-0.719005
-0.635808	-0.663565
0.797187	-0.101070
-0.637830	-0.968503
0.701907	0.562756
0.654677	-0.539452
-0.560971	-0.817554
0.690075	-0.032953
-0.595131	-0.088578
0.308616	0.507056
-0.141056	-0.717077
-0.376046	0.083495
-0.109575	0.844230
0.713545	0.254617
-0.819335	0.324219
0.051804	0.079594
0.083301	0.119174
-0.353943	0.139618
0.106605	0.230564
0.289051	0.880058
0.172077	-0.743903
-0.715073	-0.916501
0.791983	-0.057557
0.847636	-0.584063
0.280187	0.306362
-0.006268	-0.439021
-0.682049	0.612783
-0.995660	-0.303916
-0.750399	0.392636
0.342141	0.389219
-0.564391	-0.551254
0.917611	0.737797
0.089688	0.993894
-0.215232	0.173186
-0.423249	-0.884371
-0.007312	-0.858432
-0.313569	-0.700950
-0.988264	0.680163
-0.937431	0.998114
0.192997	-0.997546
0.168897	0.442598
-0.488962	-0.168184
0.830699	-0.040216
0.451599	0.748309
0.951439	-0.162003
-0.308525	-0.263793
-0.749918	0.312958
-0.873187	0.656326
-0.731619	-0.657243
-0.719883	-0.977080
-0.657314	-0.978966
0.535683	-0.976512
-0.021720	0.418578
0.810097	0.249277
0.274839	0.213135
0.966314	0.949342
-0.783604	0.262300
0.973580	0.872722
-0.758039	-0.784521
-0.477922	-0.761602
-0.135236	-0.740568
0.574907	-0.599553
-0.701183	0.188825
-0.049225	-0.123925
0.948361	-0.849086
0.783945	-0.882773
0.630712	-0.666377
0.604291	-0.793655
0.846252	-0.578176
-0.631670	-0.339778
-0.746749	0.233094
-0.080346	0.828158
0.633542	0.202574
-0.191683	-0.798906
0.854847	0.684392
0.803209	0.835306
0.587154	0.952533
0.217865	-0.713844
-0.196440	-0.177844
0.246801	-0.331592
0.862684	0.036738
0.574547	-0.884064
-0.505799	0.944093
0.696775	-0.546406
-0.399152	0.261912
-0.544305	-0.053696
0.768352	-0.741096
-0.916380	0.846058
-0.988115	0.063923
0.020299	-0.184556
0.512801	-0.937755
-0.572874	0.924930
-0.998326	-0.959135
-0.504125	0.984959
-0.807350	-0.561447
-0.206502	0.700464
0.796815	0.249193
-0.353232	0.565168
0.354155	-0.837480
0.660673	-0.581923
-0.523883	-0.695843
-0.461638	-0.141356
-0.536708	-0.550130
-0.495843	-0.689072
-0.510884	-0.924639
-0.072331	-0.244562
-0.371867	-0.447747
0.855635	0.274901
-0.882579	0.363733
-0.296722	0.766209
-0.282113	-0.134202
0.135965	-0.951383
0.902999	0.440122
-0.558639	-0.701234
-0.095347	-0.251365
0.408810	0.059563
0.897926	0.134924
-0.575360	-0.174405
0.890362	0.031082
0.453728	-0.557385
-0.271371	-0.439964
-0.749550	0.431907
-0.031663	-0.702294
0.753127	-0.895698
0.656126	0.544424
-0.902513	0.843189
0.002140	-0.408176
-0.589049	0.651388
-0.691123	-0.213688
-0.014722	0.134472
-0.096923	0.316828
0.153527	-0.251264
-0.878136	0.046441
0.758697	-0.773834
0.414823	0.770589
0.512310	0.613779
-0.485550	-0.794397
-0.074599	0.856991
0.950446	0.234278
-0.356697	-0.064276
0.319977	-0.047917
-0.560734	0.855160
-0.881409	0.008687
0.022513	-0.875839
0.130551	-0.931046
0.882858	0.356717
0.461718	0.297681
0.127306	0.945042
-0.190009	-0.258915
0.324441	-0.053312
-0.750158	-0.196321
-0.273839	0.484120
0.446982	0.661885
-0.233041	-0.386032
0.206226	-0.530872
0.083597	0.324817
-0.893889	0.448978
-0.824935	0.331836
0.965083	0.636784
0.092389	0.581825
0.439508	0.833474
-0.236051	-0.219839
0.013791	0.583840
-0.530393	-0.502089
-0.868508	-0.649219
-0.254540	0.160600
0.214588	-0.755803
-0.671176	-0.307597
-0.649692	0.777802
-0.474626	0.109639
-0.837843	0.739156
0.743982	0.178664
-0.808286	-0.288286
0.942612	-0.028124
-0.544840	-0.043597
-0.444284	-0.075233
0.586539	0.056259
0.805094	0.384320
0.801718	-0.034306
-0.611672	0.016306
0.209892	-0.282848
0.560200	-0.505046
-0.914426	0.604592
-0.752269	0.343748
-0.366429	0.991713
-0.477588	-0.174714
-0.296573	-0.534976
0.797161	0.158587
0.421427	-0.647123
-0.124259	0.939416
0.139614	-0.319165
-0.058668	0.646530
0.712064	0.957638
-0.570785	0.666348
-0.075831	-0.324173
-0.471238	-0.048842
0.872510	0.584729
-0.605078	-0.589985
-0.140054	-0.792824
-0.439947	-0.312992
0.157114	-0.500531
0.826621	0.837949
-0.232047	0.484479
0.535270	-0.274409
-0.659100	0.964485
-0.242478	-0.111346
0.259717	0.417416
-0.990358	0.289926
0.603652	-0.248719
0.684848	-0.986333
-0.455206	-0.779157
-0.173832	-0.219104
0.983282	0.280366
0.313629	0.821231
0.103572	-0.918418
0.305710	-0.361159
0.199113	-0.595868
0.491981	-0.733121
-0.090603	-0.714198
0.673491	-0.800677
-0.575228	0.884172
-0.378881	-0.571034
-0.876035	0.421119
-0.095139	-0.091873
-0.814773	-0.778244
0.288798	-0.696662
-0.634643	0.927639
-0.988033	-0.469034
-0.583902	-0.977053
-0.920053	-0.067656
-0.137694	0.753438
0.131667	-0.248239
0.015839	-0.345117
0.444805	-0.221153
-0.300061	0.683708
0.128575	0.938354
0.868935	0.350331
-0.001999	0.157733
0.363357	0.085373
0.375324	0.616338
0.073806	0.791422
0.639285	0.650310
-0.428371	-0.487384
0.703296	0.264377
0.803017	-0.280865
0.919260	-0.397654
-0.836060	-0.301892
-0.177205	-0.136122
0.951370	-0.197768
-0.749249	0.301701
0.800233	0.408484
0.163590	-0.506143
0.719552	-0.461086
-0.206641	-0.669663
0.749481	-0.556331
-0.678891	-0.043715
0.826513	-0.975595
0.629531	-0.256460
-0.860077	-0.768123
-0.161969	0.054672
0.219847	0.006041
0.470598	-0.692258
-0.120918	0.263113
0.372939	-0.017335
0.483135	0.776024
0.232615	-0.780307
-0.391629	0.553725
0.175978	-0.565116
0.578130	0.396641
-0.935585	-0.678330
-0.703709	0.229149
-0.625406	0.350963
0.000507	0.594441
-0.642995	0.574097
-0.335253	0.947920
0.944120	0.927860
0.317060	-0.089475
-0.199806	-0.313451
-0.967190	-0.093758
-0.423303	0.586534
0.011581	0.164664
0.372287	-0.284517
-0.276750	0.715990
-0.015542	0.080254
-0.950504	0.745001
0.993616	0.672861
0.310676	-0.416613
-0.714998	-0.889130
-0.746672	-0.856320
-0.169975	0.730214
-0.741604	0.841606
0.737256	-0.082399
-0.618787	-0.247321
-0.710112	0.096696
-0.857303	0.013137
-0.187313	0.127155
-0.897226	0.176651
0.838393	0.340781
0.170267	0.511254
-0.935878	-0.519057
-0.650876	-0.408187
-0.397548	-0.264507
0.432477	-0.534293
0.274082	0.360586
-0.808317	0.741798
-0.518429	-0.161506
-0.568218	0.494708
0.558937	0.588100
-0.264412	0.426493
0.094736	0.905855
-0.062253	0.158858
0.032388	0.507982
-0.021388	-0.603036
-0.889566	0.714105
0.542910	-0.820188
-0.183007	0.540398
0.273274	0.008676
0.562359	0.490246
0.994142	-0.015045
0.771871	0.553079
0.525826	-0.711334
-0.379438	-0.805479
-0.062706	0.779420
-0.418680	0.969682
0.559931	-0.633353
0.274036	-0.695635
-0.059255	0.453848
0.757738	-0.005754
0.314506	-0.233586
-0.123134	-0.743340
-0.602867	-0.128992
0.241615	-0.830995
-0.575914	0.814669
-0.287248	0.814216
-0.684607	-0.092726
-0.248490	-0.905187
0.488593	-0.278807
0.382214	0.048525
-0.219951	-0.677439
0.392204	0.720794
0.776409	0.433436
-0.229344	-0.252057
0.047098	0.624809
-0.498395	0.444232
0.743219	0.613236
0.557888	0.308067
0.632655	0.372104
0.623460	-0.460072
0.718272	-0.971478
0.100486	0.077046
0.324851	0.601329
0.176017	-0.241713
0.946672	0.506230
-0.006229	0.131038
-0.561998	0.626854
-0.948762	-0.453243
0.359306	-0.820589
-0.500377	-0.017235
-0.280661	-0.376763
-0.252139	0.468045
0.801524	0.824908
0.682059	0.224515
-0.274458	0.283388
0.483829	-0.636752
-0.009942	0.688053
0.340975	-0.878903
0.514463	0.778977
0.084093	0.830216
-0.705292	-0.788389
-0.525881	-0.288766
-0.827713	0.193459
0.334471	-0.126676
-0.197484	-0.325151
-0.796793	-0.643092
-0.071251	0.640296
-0.996457	0.738478
0.691597	0.079453
0.523733	0.206060
-0.141570	0.271684
-0.311354	0.566392
-0.498235	0.878167
0.212999	-0.949546
0.233969	-0.452530
-0.076222	0.175289
0.598627	-0.058483
0.553193	0.955535
-0.518058	0.595830
-0.105481	0.599374
0.062011	-0.702845
0.290970	-0.858536
0.820888	-0.502970
0.092572	-0.212816
-0.341036	0.288948
-0.300526	-0.498053
0.617162	0.933444
-0.459060	0.108733
-0.860433	-0.949750
-0.904898	0.982509
0.690932	0.306042
0.329057	0.290305
0.626213	-0.418725
0.447100	0.078306
-0.460328	0.865489
0.198636	0.154438
0.898110	0.656385
0.831554	-0.294198
-0.077237	-0.059713
0.062330	-0.009463
0.157432	-0.026954
-0.151636	-0.720912
-0.178603	-0.861331
-0.352859	-0.552390
-0.280055	0.156659
0.798250	-0.333928
-0.565618	0.663740
0.633018	-0.181822
-0.371314	0.531128
-0.525437	0.010509
0.362682	0.180364
-0.697031	-0.714430
0.293506	0.343371
-0.733448	-0.164290
0.001399	-0.454360
0.140068	0.192781
0.860013	-0.650560
0.658263	0.015512
-0.566191	0.322003
-0.120463	-0.933174
-0.859819	0.508223
-0.385256	-0.481268
-0.039364	0.795108
-0.547995	0.263604
-0.919322	0.447608
0.424049	0.600643
0.369302	0.916866
0.742111	-0.437917
0.602124	-0.088477
-0.978991	0.260387
0.927035	-0.545182
-0.193428	-0.478355
-0.277428	-0.685205
-0.880401	0.337315
-0.166473	0.080234
0.285532	-0.656161
0.213101	-0.266860
-0.362850	-0.666217
0.724611	-0.103091
-0.064175	0.093912
-0.322064	0.655995
-0.164642	-0.719941
-0.432481	-0.143633
-0.505446	0.311185
-0.877163	0.301127
0.832830	-0.154591
0.615922	0.952428
-0.550551	0.032663
0.315147	0.734981
0.376502	-0.471751
-0.531880	-0.722549
-0.198097	-0.997939
-0.937693	0.737728
-0.123918	-0.584337
-0.248031	0.711440
-0.304278	0.319488
-0.763831	0.814042
-0.640994	0.115169
0.711822	0.204414
-0.268910	0.664250
0.387138	0.180539
-0.297714	-0.084480
0.230534	0.383640
-0.604067	-0.814458
-0.541760	0.923270
0.334322	-0.661067
-0.799130	0.045762
0.034656	0.520357
0.613569	0.270824
0.334399	0.492561
0.629830	-0.550432
-0.165756	0.180658
-0.778618	-0.638803
-0.076332	0.276717
-0.845798	-0.339643
0.989826	-0.449865
-0.657247	0.008375
-0.230831	0.791653
-0.657303	0.108102
0.992523	0.388459
-0.857242	0.512880
0.413582	-0.152720
0.043412	0.296848
0.877656	-0.522494
-0.900961	-0.161297
-0.866850	0.022707
-0.884580	0.772111
-0.224224	0.761937
0.727044	0.621676
-0.264581	-0.609155
0.896343	0.078116
0.498947	0.888866
0.641705	0.401747
0.055287	-0.750974
0.963192	-0.901301
0.662163	0.976356
-0.770232	-0.924605
-0.637082	0.098102
-0.022498	-0.864971
-0.724989	0.753279
-0.997945	0.374954
-0.998344	-0.262526
0.765799	0.897999
0.264746	0.786865
-0.717835	-0.093549
0.188612	0.750767
0.961738	0.437638
-0.939562	-0.016488
0.376122	-0.963207
0.006891	0.605890
-0.887812	0.868974
0.210290	-0.153524
0.487355	0.974710
-0.775171	0.740509
-0.959581	0.005255
0.687324	-0.677417
-0.124065	-0.926649
0.873445	-0.686427
0.933882	0.297085
0.163432	0.970676
-0.696024	-0.230677
-0.917136	-0.827050
0.293154	0.019426
-0.221546	0.619181
-0.157228	-0.734190
0.593891	-0.154769
-0.509361	0.334399
-0.254310	-0.468942
-0.660345	-0.566986
-0.748639	0.308949
-0.073008	-0.875195
0.622522	-0.285698
-0.941312	-0.080393
0.877734	-0.970637
-0.352943	-0.887773
0.396532	0.385188
0.405381	-0.584042
-0.816165	-0.964861
-0.550356	0.629030
-0.059717	-0.036570
0.471341	0.303084
0.093864	-0.675018
0.554445	-0.597188
0.679250	-0.974666
0.737938	-0.055059
0.844010	0.767301
-0.508934	0.879528
0.876254	0.284908
0.981014	-0.896589
-0.983847	0.173339
0.918387	0.645183
-0.141330	-0.391387
-0.669989	0.911697
-0.345008	0.466142
0.246025	0.906966
0.145392	0.271360
-0.116670	-0.783699
0.717250	-0.349369
-0.615176	-0.791683
0.949880	-0.915429
0.930894	-0.812018
0.947047	0.361321
0.202197	0.592230
-0.550179	-0.939132
-0.800830	-0.609122
0.042383	0.045871
-0.711592	-0.047164
-0.275925	0.559767
-0.173923	0.607404
0.776068	-0.456672
-0.839108	-0.248356
-0.211806	-0.889228
-0.163784	-0.396740
0.024198	0.887071
0.988713	-0.614480
0.580943	-0.164660
0.150135	0.781787
0.034510	0.541014
0.894327	-0.923107
0.473010	-0.634699
-0.802916	0.925068
0.804489	0.701136
-0.937476	0.862029
-0.149283	0.972801
-0.503015	0.453978
0.521183	0.341048
-0.996821	0.906703
0.584122	-0.257957
0.580451	0.365909
0.776553	0.121465
0.260236	0.853446
0.708350	-0.266754
-0.781253	0.248070
-0.069670	-0.856185
0.613868	-0.265181
0.844952	-0.477007
0.706980	-0.816238
0.679781	-0.319253
0.102037	0.694247
-0.798069	-0.556915
-0.891367	-0.126599
0.281549	-0.149324
-0.352543	-0.372770
0.575318	0.907693
0.283668	-0.359061
-0.468262	0.571269
-0.854395	-0.693913
-0.331402	0.103430
-0.147640	-0.248511
0.533108	0.853526
0.735039	-0.703388
0.843672	0.170013
-0.251828	-0.305652
0.395629	0.321578
0.199184	0.303323
-0.517148	0.944262
0.014590	0.515531
0.344913	0.160195
-0.966899	0.828794
-0.571730	-0.318846
0.676538	-0.496780
0.530064	-0.727583
0.826676	0.739040
-0.003311	-0.512788
-0.512679	-0.379445
0.882841	0.808899
0.186164	0.611152
-0.697408	0.130426
-0.887173	0.317182
-0.354043	0.457740
-0.522623	-0.532425
-0.693829	0.392624
0.919111	-0.012675
0.069161	-0.577669
0.201586	-0.400775
0.150887	-0.574099
-0.566212	-0.056141
0.422590	-0.079000
-0.956855	-0.196158
0.240078	0.862885
0.990006	-0.148770
-0.834524	0.120432
-0.578203	0.960035
0.912638	-0.733794
0.831750	0.253531
-0.304251	-0.745919
-0.544883	0.294974
-0.051171	0.606004
0.720875	0.382618
-0.450138	0.143465
0.981042	0.186610
0.107459	0.221119
0.097465	-0.927651
0.214971	-0.782103
0.036406	-0.302371
0.458203	-0.342336
-0.781750	0.370842
-0.076129	0.844839
0.202592	-0.822598
-0.459412	0.456673
0.835562	-0.594498
0.556437	0.788120
-0.300099	-0.908262
-0.230574	0.886511
0.199197	0.990546
-0.063995	-0.703338
-0.937105	-0.849024
0.099301	-0.151395
-0.442496	0.506269
0.928346	-0.569860
0.130937	-0.392458
-0.412390	0.240060
-0.218768	-0.733032
0.194421	-0.127030
0.080932	-0.927833
0.026940	-0.983062
-0.631171	0.089835
-0.832086	-0.116613
-0.810864	0.016519
0.382232	-0.253360
-0.900673	-0.325015
-0.047071	-0.338739
0.560470	0.763783
-0.199469	-0.298134
-0.720887	0.196385
-0.832122	-0.453919
0.040848	0.582475
0.471739	0.113015
0.488676	0.481843
0.656590	-0.634769
-0.326891	0.747463
-0.364974	0.195897
0.310011	-0.851174
-0.491949	0.115934
0.709296	-0.728166
-0.211060	-0.829916
0.063990	0.335021
-0.895163	-0.082504
-0.967371	0.217852
0.526911	0.521306
0.226161	0.177896
0.114547	0.851004
-0.187611	0.749572
0.046902	-0.340821
0.195727	0.167230
-0.094977	0.439064
0.414850	-0.587237
-0.796210	-0.417153
0.538811	0.143738
0.749922	-0.543693
-0.032226	0.983218
-0.302327	0.667469
0.209379	0.875569
-0.267605	-0.676074
0.726573	0.544784
-0.226525	-0.796038
0.133082	0.969203
0.371192	0.308599
-0.189744	-0.006417
0.223019	0.574678
-0.507135	0.805866
-0.968324	-0.050396
-0.030315	-0.512018
-0.874028	0.937459
-0.176355	0.604928
0.680580	-0.300786
-0.662677	-0.995494
0.882107	-0.921995
-0.913930	0.211087
0.168465	0.457262
-0.957309	-0.732482
-0.668234	0.490537
-0.175368	0.296403
-0.143693	-0.753993
0.277394	0.344289
0.214853	0.815490
0.195624	-0.180219
0.894838	0.157104
0.500576	-0.679374
0.578580	0.519889
-0.210333	-0.311646
0.309353	-0.268955
-0.177378	0.062812
0.910568	0.887443
-0.781723	-0.256250
0.883008	0.495671
-0.745014	-0.289477
0.903530	0.450610
0.399599	0.345449
-0.312591	-0.099825
0.726620	-0.521244
-0.148098	0.268423
-0.715494	0.400398
-0.374895	0.310966
-0.737894	0.529243
-0.854887	0.024914
-0.612592	-0.599900
-0.709062	0.850710
0.690537	0.196159
0.953150	-0.409288
0.679770	0.069468
-0.951803	-0.468328
0.922514	0.966117
-0.472123	-0.749377
-0.803948	-0.124272
0.627031	0.751670
0.156275	-0.948961
0.282947	-0.818811
-0.561553	0.683046
-0.270615	0.533756
0.182368	-0.580078
-0.270085	0.135518
0.592148	-0.184712
-0.919898	0.640345
-0.582007	0.562859
0.333660	-0.909264
0.563700	0.649726
-0.560572	0.276757
-0.961541	0.577262
-0.910503	-0.139792
-0.385780	-0.472056
-0.456745	-0.469154
-0.922989	0.713214
-0.193074	-0.151269
-0.600926	0.664019
-0.960581	0.010979
0.185981	0.602278
-0.675944	-0.480359
0.887756	-0.830634
-0.672816	0.446123
0.904446	0.879155
-0.235346	-0.506625
-0.364297	0.307909
0.893031	0.384921
-0.262565	0.570282
-0.808153	0.586166
-0.409079	0.250186
-0.369660	-0.738835
-0.787866	-0.767381
-0.268225	0.925633
-0.527023	-0.098858
0.905437	-0.199838
-0.652735	0.923698
-0.773580	-0.968543
-0.280205	-0.332840
0.744016	-0.439809
-0.518549	-0.869527
-0.932383	-0.611360
0.317803	0.414793
0.575200	0.578968
0.807819	-0.835811
0.733452	-0.362833
0.259845	0.638889
0.437329	0.607110
-0.858064	0.833529
0.611198	-0.446676
-0.611630	-0.702660
-0.048131	-0.095599
0.340508	0.849261
-0.835790	-0.244698
0.424461	0.743178
0.232280	0.907368
-0.259067	-0.034267
-0.999222	-0.395378
0.981863	0.607888
-0.876200	0.441417
0.734998	0.994741
-0.876632	-0.707919
-0.326170	0.070871
0.578230	0.917279
0.427491	-0.918511
-0.148048	0.824668
-0.726237	-0.915767
0.014696	0.049965
0.015474	0.654587
-0.741567	-0.376638
0.821796	-0.617767
0.583050	-0.882769
0.605508	-0.759401
-0.550638	-0.085572
0.422473	-0.754915
0.339751	0.381316
0.920150	0.421241
-0.227898	0.245908
-0.143665	-0.022056
0.906300	0.254514
0.576783	0.560887
-0.799856	0.382683
0.895180	-0.735077
-0.987589	-0.675556
-0.746990	-0.323955
0.020603	0.167438
0.265689	0.660097
0.438269	-0.352995
0.580246	-0.140490
0.919855	-0.647652
0.466467	0.208683
0.083361	-0.972224
0.114983	-0.662125
0.604559	-0.324130
0.850823	0.804703
0.746003	-0.930374
0.758414	-0.605930
-0.988576	0.070115
-0.383870	0.178862
0.881819	-0.161041
-0.393099	-0.471176
-0.580795	0.466411
-0.228446	0.571829
0.915146	0.980237
0.942921	0.095219
-0.006935	0.547480
0.771089	-0.156112
0.352183	0.829642
-0.651695	0.815879
-0.640270	-0.114006
0.065585	0.538592
-0.945373	-0.052596
-0.622449	-0.338472
0.476228	-0.203244
-0.872061	0.924906
0.699768	0.840052
-0.645042	0.782973
0.348023	0.330453
-0.808089	-0.317364
-0.755503	-0.218198
-0.895554	0.098425
0.130108	0.920325
0.547880	0.489837
-0.386535	0.028429
0.037098	-0.797264
0.650414	-0.037996
0.771046	0.350182
-0.197944	0.319593
-0.414970	0.963358
0.915483	-0.621787
-0.401881	-0.377290
-0.973124	-0.297435
0.721135	0.156983
-0.377109	0.269016
0.429210	0.882481
-0.709843	0.443351
0.812632	-0.519551
-0.186772	-0.755491
-0.625395	-0.481633
-0.662036	0.571530
-0.283823	-0.183397
0.338887	-0.156521
0.060023	-0.999537
-0.331403	-0.670961
-0.352717	-0.902193
-0.788480	-0.677466
0.654871	0.403764
-0.864681	-0.312269
0.663643	0.577772
-0.523130	0.822281
-0.004762	-0.348181
-0.433233	0.396840
0.171490	0.383370
-0.489622	-0.773151
0.570401	-0.772688
0.899439	-0.125405
0.552092	-0.889041
0.940056	0.765830
-0.859347	0.901149
0.804296	0.478920
-0.718834	0.301201
0.148717	0.276404
0.604030	0.843171
-0.224479	0.226541
0.285898	0.453391
-0.124471	-0.143701
-0.670186	-0.244262
-0.444702	0.881906
0.752427	0.821962
-0.646680	0.962615
0.641945	0.766911
-0.326687	-0.951923
0.313797	0.822030
0.324480	0.266817
0.167651	-0.383323
-0.605808	-0.293481
0.487479	0.847583
-0.656222	0.528285
0.099517	-0.916417
0.793768	0.966214
0.615730	-0.401259
0.578345	0.132417
0.831276	0.345256
0.145013	-0.495412
0.393332	-0.541190
-0.673382	-0.282187
0.725627	0.752678
-0.657695	0.954259
0.048824	0.441738
-0.369128	0.785517
0.655524	-0.457265
0.739107	-0.663497
0.575118	0.952233
0.764449	0.530579
0.595724	-0.124165
0.727420	-0.899688
-0.813770	-0.573070
0.911857	-0.820392
-0.745838	-0.866132
0.302985	0.575606
0.279337	0.933858
0.361122	-0.065139
-0.753844	-0.326032
-0.186904	0.097404
-0.234671	-0.452607
-0.986466	-0.704092
0.609258	0.171742
-0.142781	0.709570
0.440910	0.043449
-0.572111	-0.044694
-0.683891	0.300332
0.209468	-0.550024
-0.547569	-0.487547
0.731768	-0.553689
-0.333371	-0.077097
0.340597	0.735999
-0.269735	0.589682
-0.498673	0.277658
0.603216	-0.202765
-0.592543	0.212474
0.968977	0.264676
-0.077956	0.409887
0.058545	0.837776
0.263431	0.374654
-0.527101	0.824630
-0.014648	0.850212
0.322308	0.431662
0.236917	0.988937
-0.645434	-0.130222
0.329533	-0.909436
0.600043	-0.080785
-0.408108	-0.122300
0.389127	0.285157
0.358104	-0.450166
-0.343050	-0.232009
-0.878610	0.090148
0.743876	-0.405711
0.334415	0.579641
-0.235009	-0.343277
-0.998092	-0.354340
0.365869	-0.128314
0.456433	-0.528271
-0.951675	0.349429
0.151744	-0.204445
0.808694	0.563546
0.524188	-0.830686
-0.385663	0.913189
-0.241942	0.529116
0.247605	-0.662301
-0.705893	0.904328
-0.703985	-0.450012
0.167701	-0.474819
-0.828695	0.639430
-0.780371	-0.011141
-0.163572	0.657081
0.623445	0.988172
-0.192135	0.796866
-0.983818	-0.149756
0.321055	-0.814504
0.014014	0.935392
-0.901314	0.772072
0.346290	-0.890229
0.758614	0.250618
0.458774	-0.945371
-0.826354	0.222330
-0.674213	-0.655050
0.745376	-0.435420
-0.418196	-0.778340
-0.430023	-0.325703
-0.718071	-0.633157
0.132173	0.687897
-0.124025	-0.853813
0.623289	-0.025339
0.918259	0.087796
-0.679049	-0.971970
0.571569	0.486805
0.372176	0.660450
-0.876632	0.697963
-0.014872	0.443339
-0.164254	-0.974857
-0.208359	-0.690190
-0.038037	-0.843583
0.723912	-0.350140
0.032392	0.870099
-0.726851	-0.992947
0.360945	-0.671996
0.816388	-0.792645
0.303193	0.108394
-0.036357	0.231762
-0.030956	-0.783111
-0.586949	0.539025
-0.561806	-0.669334
0.033314	0.796604
0.954184	0.995277
0.678096	-0.354862
-0.014588	0.548195
-0.081713	-0.007535
-0.720767	0.320469
0.152941	-0.513412
0.220042	-0.543866
0.594981	-0.508210
0.043632	0.874552
0.927846	-0.903732
-0.741488	0.458713
-0.991864	0.090993
0.986476	-0.006452
-0.360812	-0.095237
0.975741	0.183995
0.306482	0.128681
-0.473476	0.584815
0.018314	0.004592
-0.520184	0.393413
0.135940	-0.645632
0.321259	0.232208
0.579771	-0.309079
-0.986825	0.634886
0.354513	0.643022
0.194812	0.340989
0.833999	-0.754249
0.809740	0.429747
-0.061579	0.100330
-0.476764	-0.634106
0.527829	-0.541798
-0.078758	0.594141
-0.691912	-0.757499
-0.024797	0.822272
0.517271	-0.011622
0.457158	0.621089
0.100181	-0.184099
0.736751	-0.350100
0.929632	-0.640664
0.359378	-0.711598
0.398061	-0.540292
-0.256007	0.921298
-0.174398	-0.782103
0.449126	0.283804
-0.828383	-0.629632
-0.520295	-0.387131
0.704294	0.454908
0.221565	-0.556714
0.892298	-0.157346
-0.213822	-0.007521
-0.529942	-0.270770
-0.691545	-0.600311
-0.231906	0.759068
0.376969	-0.833844
-0.781225	-0.879039
0.044377	-0.661142
0.536580	-0.671819
0.906947	0.206126
-0.554911	-0.045043
-0.868014	-0.111625
-0.152745	-0.025360
0.839734	-0.366806
-0.855389	-0.431036
-0.455700	0.657530
-0.696632	0.034499
0.875899	-0.477857
0.963352	0.566521
0.499932	0.894702
0.406879	0.100828
0.926696	-0.988751
-0.118348	-0.856766
-0.671561	0.728907
-0.997008	0.568641
-0.852398	-0.862395
-0.308097	0.795136
-0.597540	-0.004729
-0.170365	-0.721641
0.517414	0.985095
0.083935	0.479413
-0.920535	-0.520819
-0.909286	0.919244
-0.766052	-0.752317
0.351822	-0.749326
0.254418	0.102890
0.392023	0.795606
0.090180	0.187159
-0.914549	-0.983206
0.602865	-0.998112
-0.313200	0.481301
-0.540222	0.665437
0.608300	0.744902
-0.316483	0.835616
0.363933	-0.359613
-0.930437	0.611616
0.421385	0.862290
-0.475726	-0.739433
-0.680119	0.350746
-0.840237	-0.482053
-0.823443	-0.005629
0.039062	-0.821555
0.712507	0.725862
-0.827715	0.391299
-0.374745	0.780585
0.136201	-0.930056
-0.535898	-0.028184
0.433877	0.104488
0.045493	0.430652
-0.092218	0.011233
0.168349	0.983837
0.306920	-0.480904
-0.856400	0.824866
-0.679843	-0.180762
-0.005646	-0.501398
-0.468255	-0.279784
-0.841652	-0.295970
-0.888486	-0.216397
-0.515386	0.247715
-0.146453	-0.051284
-0.712577	-0.946796
0.332916	0.483856
0.723676	-0.759302
-0.289285	0.409047
-0.521074	-0.982365
-0.377474	0.842502
0.883435	-0.057318
-0.338261	-0.122211
0.193484	0.598005
0.599633	0.897514
-0.616764	-0.617872
0.236782	0.330843
0.524206	0.384048
-0.562322	-0.142878
-0.132096	-0.838645
0.097820	0.362992
-0.493133	0.841918
-0.564990	-0.535557
-0.681554	0.407126
0.196235	-0.151590
-0.205759	-0.551958
-0.515057	-0.496240
-0.802086	-0.362238
0.592266	0.581962
-0.550612	-0.550134
0.547208	0.812858
-0.945925	0.654776
-0.510915	-0.880780
-0.192469	0.526345
0.124722	-0.996233
-0.625245	0.712152
-0.177202	-0.802905
0.301768	0.654076
0.064166	-0.237237
0.262080	0.400525
-0.155957	-0.524035
0.763790	0.293908
0.712760	0.310998
0.106766	0.821624
0.365072	-0.238457
0.854158	-0.119238
-0.449029	-0.338311
-0.592893	0.675693
-0.218138	0.387845
0.604660	0.584940
0.258736	-0.350894
-0.019128	0.911187
-0.071482	-0.704726
-0.244771	0.404483
-0.950863	0.117243
0.370062	0.155904
